# Created by Octave 3.8.1, Fri Apr 15 18:04:20 2016 IST <shubham@shubham-Inspiron-5547>
# name: y
# type: matrix
# rows: 51
# columns: 1
 2.736278216457305e-06
 1.088680018124229e-05
 3.938028650424004e-05
 0.0001295078554357007
 0.0003872148218624071
 0.001052559013978588
 0.002601234812196617
 0.005844552726458815
 0.01193882606793522
 0.02217229203714985
 0.03743675316091671
 0.05746777496394127
 0.08020274078172775
 0.1017636458338266
 0.1173909795868057
 0.1231162606149145
 0.1173909795868057
 0.1017636458338266
 0.08020274078172775
 0.05746777496394127
 0.03743675316091671
 0.02217229203714985
 0.01193882606793522
 0.005844552726458815
 0.002601234812196617
 0.001052559013978588
 0.0003872148218624071
 0.0001295078554357007
 3.938028650424004e-05
 1.088680018124229e-05
 2.736278216457305e-06
 6.252574498519134e-07
 1.298961017047662e-07
 2.453420451573697e-08
 4.212951557885539e-09
 6.577177622279675e-10
 9.335364857711402e-11
 1.204652102367374e-11
 1.413287800834264e-12
 1.507433624646718e-13
 1.461788050069654e-14
 1.288751657718978e-15
 1.032981841770644e-16
 7.527569233741897e-18
 4.987184676604524e-19
 3.003964273789903e-20
 1.645025736171124e-21
 8.190100879364749e-23
 3.707186425117991e-24
 1.525591365344482e-25
 5.707824859013806e-27


# name: h1
# type: matrix
# rows: 51
# columns: 1
 0
 0
 0
 0
 0
 0
 1
 0
 0
 1
 3
 0
 1
 1
 0
 0
 1
 0
 0
 1
 0
 1
 0
 0
 0
 0
 0
 0
 0
 0
 0
 0
 0
 0
 0
 0
 0
 0
 0
 0
 0
 0
 0
 0
 0
 0
 0
 0
 0
 0
 0


# name: h2
# type: matrix
# rows: 51
# columns: 1
 0
 0
 0
 0
 0
 0
 0
 1
 1
 7
 2
 6
 7
 10
 16
 9
 9
 12
 12
 3
 2
 2
 0
 1
 0
 0
 0
 0
 0
 0
 0
 0
 0
 0
 0
 0
 0
 0
 0
 0
 0
 0
 0
 0
 0
 0
 0
 0
 0
 0
 0


# name: h3
# type: matrix
# rows: 51
# columns: 1
 0
 0
 0
 0
 0
 1
 0
 2
 15
 24
 41
 52
 83
 86
 90
 124
 138
 104
 95
 61
 29
 28
 16
 8
 2
 1
 0
 0
 0
 0
 0
 0
 0
 0
 0
 0
 0
 0
 0
 0
 0
 0
 0
 0
 0
 0
 0
 0
 0
 0
 0


# name: h4
# type: matrix
# rows: 51
# columns: 1
 0
 0
 0
 1
 4
 16
 17
 62
 100
 260
 381
 588
 737
 1008
 1190
 1187
 1182
 1038
 800
 596
 365
 242
 125
 56
 31
 11
 2
 0
 1
 0
 0
 0
 0
 0
 0
 0
 0
 0
 0
 0
 0
 0
 0
 0
 0
 0
 0
 0
 0
 0
 0


# name: h5
# type: matrix
# rows: 51
# columns: 1
 1
 1
 4
 18
 30
 112
 258
 625
 1218
 2211
 3730
 5657
 8081
 10224
 11609
 12281
 11646
 10251
 7967
 5712
 3783
 2309
 1228
 589
 260
 127
 39
 22
 6
 0
 1
 0
 0
 0
 0
 0
 0
 0
 0
 0
 0
 0
 0
 0
 0
 0
 0
 0
 0
 0
 0


# name: h6
# type: matrix
# rows: 51
# columns: 1
 6
 10
 40
 126
 396
 1093
 2647
 5990
 12163
 22429
 37897
 57705
 79981
 101751
 116945
 123215
 116846
 101360
 79729
 57338
 37509
 22507
 11991
 6069
 2615
 1077
 393
 116
 41
 10
 4
 1
 0
 0
 0
 0
 0
 0
 0
 0
 0
 0
 0
 0
 0
 0
 0
 0
 0
 0
 0


